1 10 6.6280e-03
1 11 9.9757e-04
1 17 3.9190e-03
1 18 4.7089e-03
1 19 2.0216e-03
1 20 1.1705e-03
1 23 3.7964e-03
2 6 1.5606e-04
2 7 2.9465e-03
2 8 1.0748e-03
2 9 2.0006e-02
2 12 4.7602e-04
2 13 1.7461e-02
2 14 8.1574e-04
2 15 1.7831e-01
2 16 1.4845e-03
2 21 1.5656e-04
2 22 9.9107e-03
3 8 1.9391e-02
3 12 1.8213e-02
3 14 1.9540e-01
3 16 9.1363e-03
3 21 9.6898e-03
4 8 2.5498e-04
4 9 2.6285e-02
4 12 3.4358e-03
4 13 2.0071e-01
4 14 5.6417e-04
4 15 1.3349e-02
4 16 3.0469e-04
4 21 1.9320e-03
4 22 3.8377e-03
5 10 8.4346e-03
5 11 7.3744e-03
5 17 3.8010e-04
5 18 8.5641e-04
5 19 2.2382e-03
5 20 3.1732e-03
5 23 2.4096e-04
6 10 3.2210e-03
6 11 4.8508e-02
6 17 9.7213e-04
6 18 2.4343e-03
6 19 2.6836e-03
6 20 8.4541e-04
6 23 1.8710e-04
7 23 1.4965e-03
8 17 1.4166e-03
8 18 1.0705e-03
8 19 4.3094e-04
8 20 4.1212e-04
8 23 4.1704e-04
9 23 1.9436e-01
10 14 2.4274e-04
10 15 4.0309e-03
10 16 1.3163e-03
10 21 2.8460e-04
10 22 2.4662e-01
11 16 2.2121e-03
11 21 2.4573e-01
12 17 1.1809e-03
12 18 1.2150e-03
12 19 1.6858e-03
12 20 2.0927e-01
12 23 2.7183e-04
13 23 2.0952e-03
14 18 3.0524e-03
14 19 6.7208e-03
14 20 1.5483e-03
14 23 4.3239e-04
15 23 5.2330e-03
16 20 3.2620e-04
16 23 1.1064e-03
17 21 2.6286e-04

5 17 1.6275e-04
6 15 1.8955e-04
6 20 1.4880e-03
6 21 9.0408e-01
6 25 1.2457e-03
7 14 1.9052e-04
7 15 1.8325e-04
7 20 9.8224e-01
7 21 9.4741e-04
7 25 1.1252e-04
8 13 1.7995e-04
8 18 2.3948e-04
8 19 9.8805e-01
9 17 4.9065e-04
9 18 9.9022e-01
10 17 9.7952e-01
10 18 4.7758e-04
11 16 8.5614e-01
11 17 4.6160e-04
11 18 8.8280e-05
12 16 3.4555e-04
12 17 2.6696e-04
17 25 1.7900e-04

1 5 3.2203e-04
1 6 2.2814e-03
1 9 1.7600e-03
1 10 8.3188e-04
1 17 1.8364e-03
1 19 4.8858e-03
1 20 8.2096e-04
1 21 6.5388e-04
1 30 1.6358e-01
2 7 1.5010e-03
2 12 4.6833e-04
2 13 1.2926e-03
2 15 2.8584e-04
2 16 2.0443e-03
2 18 5.7468e-03
2 22 5.0191e-04
2 23 7.3985e-04
2 24 1.7551e-02
2 26 3.1221e-04
2 27 5.8714e-04
2 28 5.2762e-03
2 29 2.2901e-01
3 7 1.4841e-04
3 12 1.3248e-03
3 13 4.5616e-04
3 15 1.9765e-03
3 16 2.5024e-04
3 18 5.4311e-04
3 22 7.1144e-04
3 23 2.3623e-02
3 24 3.8970e-04
3 26 6.1185e-04
3 27 7.3827e-03
3 28 2.5281e-01
3 29 2.0848e-03
4 16 1.1475e-02
4 18 1.9750e-03
4 22 2.3896e-02
4 26 8.8668e-03
4 27 2.5267e-01
5 12 7.4752e-04
5 13 6.8732e-03
5 15 9.6959e-03
5 16 5.8710e-03
5 18 8.6991e-04
5 22 7.1730e-04
5 23 1.5012e-03
5 24 2.6679e-03
5 26 1.9059e-01
5 27 1.0793e-02
5 28 5.8823e-03
5 29 4.2973e-03
6 12 7.5173e-03
6 13 1.7762e-03
6 15 1.2787e-02
6 16 1.3545e-03
6 18 2.2143e-02
6 22 1.8598e-03
6 23 2.6067e-03
6 24 5.3043e-03
6 26 2.8016e-02
6 27 7.8167e-03
6 28 4.6527e-03
6 29 1.9608e-03
7 11 6.0655e-03
7 14 1.6432e-02
7 17 6.1741e-02
7 19 1.5512e-02
7 20 1.1289e-03
7 21 1.4820e-03
7 25 7.3733e-02
7 30 8.4307e-04
8 16 7.6316e-02
8 18 1.8959e-02
8 22 4.2903e-03
8 26 1.9411e-02
8 27 7.3358e-03
9 13 3.0587e-04
9 15 5.2725e-02
9 16 2.0829e-03
9 18 2.5814e-03
9 22 2.0091e-03
9 23 6.8204e-03
9 24 2.5291e-01
9 26 4.6564e-03
9 27 5.0610e-04
9 28 2.1190e-03
9 29 5.2891e-03
10 15 2.6612e-03
10 16 2.2654e-03
10 18 9.8167e-04
10 22 6.3870e-03
10 23 3.1338e-01
10 24 8.4730e-04
10 26 5.0094e-04
10 27 2.8884e-03
10 28 7.1862e-03
10 29 3.0389e-04
11 16 1.5883e-02
11 18 1.9993e-02
11 22 3.2415e-01
11 26 3.1593e-03
11 27 6.7606e-03
12 17 1.6601e-02
12 19 1.5645e-03
12 20 2.9796e-02
12 21 2.7806e-01
12 30 4.8264e-04
13 17 5.0221e-04
13 19 3.7005e-02
13 20 2.0778e-01
13 21 4.4000e-03
13 30 3.7536e-04
14 18 3.3223e-02
14 22 8.8278e-03
14 26 6.9818e-03
14 27 4.6042e-03
15 19 1.6709e-03
15 20 2.0701e-03
15 21 4.9492e-03
15 30 5.6146e-04
16 20 1.6105e-03
16 21 2.0656e-03
16 25 3.5350e-02
16 30 2.3375e-03
17 22 9.2024e-04
17 23 6.0002e-04
17 24 3.1416e-02
17 26 7.6277e-03
17 27 6.2327e-04
17 28 3.3144e-04
17 29 3.1091e-03
18 25 2.3681e-02
18 30 9.6056e-03
19 23 2.0610e-04
19 24 2.1055e-02
19 26 8.3767e-04
19 27 2.6587e-03
19 28 3.0041e-03
19 29 1.4101e-02
20 24 2.0842e-04
20 26 2.1986e-03
20 27 4.2129e-03
20 28 1.4768e-02
20 29 1.7782e-03
21 26 3.8027e-03
21 27 1.0394e-02
21 28 1.7723e-03
21 29 2.1677e-03
22 30 5.8460e-04
23 30 5.1053e-04
24 30 6.8817e-04
26 30 3.4151e-04

1 7 1.1495e-04
1 9 1.5735e-04
1 10 1.7980e-04
1 11 1.2389e-04
1 29 3.8283e-04
1 32 3.9692e-04
1 33 7.0226e-01
2 25 2.2880e-04
2 28 7.3900e-04
2 29 1.1371e-04
2 32 8.6115e-01
3 8 1.9436e-03
3 12 7.3850e-04
3 14 4.7495e-04
3 16 1.9153e-04
3 20 1.4124e-04
3 21 1.4228e-04
3 23 1.3286e-04
3 24 3.4643e-04
3 27 8.2891e-04
3 30 1.4121e-04
3 31 9.0455e-01
4 8 1.6661e-04
4 12 9.7145e-04
4 14 3.2028e-04
4 16 1.9467e-04
4 19 1.1938e-04
4 20 1.6738e-04
4 23 3.9536e-04
4 26 8.8531e-04
4 27 8.0235e-05
4 30 9.0583e-01
4 31 7.9526e-04
5 25 8.6214e-04
5 28 9.8249e-04
5 29 9.1671e-01
5 32 6.1450e-04
6 25 1.5978e-03
6 28 8.6207e-01
6 29 1.0570e-03
6 32 3.1211e-04
7 19 4.4874e-04
7 21 1.4876e-04
7 24 1.8305e-03
7 26 1.3093e-01
7 27 4.3114e-01
7 30 2.8326e-03
8 25 2.0499e-01
8 28 2.1723e-02
8 29 3.5817e-03
8 32 2.8369e-04
9 19 7.0047e-04
9 21 1.3887e-03
9 24 1.4166e-01
9 26 9.1985e-03
9 27 1.8571e-02
9 30 1.3765e-04
10 19 1.8808e-03
10 21 6.0132e-03
10 24 1.9370e-02
10 26 1.3937e-02
10 27 1.6440e-01
10 30 1.5744e-04
11 19 6.1859e-03
11 21 1.5699e-02
11 24 8.1102e-03
11 26 2.4100e-01
11 27 2.0347e-03
11 30 1.0958e-03
12 25 2.6014e-01
12 28 2.4812e-03
12 29 1.3927e-03
12 32 5.5780e-04
13 19 8.6921e-03
13 21 3.1062e-02
13 24 2.2922e-01
13 26 5.8256e-02
13 27 1.8732e-03
13 30 1.8736e-03
14 25 7.1932e-02
14 28 3.0725e-03
14 29 2.2095e-03
14 32 2.6390e-04
15 19 2.2152e-03
15 21 1.0125e-02
15 24 6.0975e-02
15 26 4.4318e-02
15 27 2.2766e-03
15 30 6.6437e-04
16 25 5.2949e-02
16 28 1.1437e-02
16 29 5.7364e-04
16 32 4.9816e-04
17 21 1.1953e-03
17 24 3.9055e-02
17 26 1.0947e-03
17 27 1.3351e-02
17 30 2.7234e-05
18 24 3.4180e-03
18 26 1.4363e-02
18 27 1.5488e-03
18 30 1.4904e-03
19 25 5.7640e-03
19 28 1.9122e-05
19 29 1.8190e-03
19 33 1.4839e-03
20 25 6.2385e-03
20 28 2.0957e-03
20 29 1.2910e-03
20 32 1.7387e-03
21 25 1.3319e-04
21 28 1.2926e-03
21 29 1.5544e-04
21 32 5.3106e-05
21 33 3.0790e-05
22 26 1.4251e-04
22 27 7.5255e-04
22 30 1.8042e-03
23 28 8.6855e-04
23 29 1.9607e-03
23 32 2.3871e-04
24 28 5.5036e-04
24 29 1.5869e-04
24 32 2.8032e-04
25 30 1.2396e-04
25 31 8.4959e-04
26 32 8.9087e-05
26 33 1.8189e-04
27 32 2.0831e-04
27 33 7.3827e-05

1 5 1.7957e-04
1 6 4.0154e-04
1 8 1.6839e-04
1 9 1.2308e-04
1 30 1.8681e-05
1 33 3.4360e-03
1 34 2.3017e-03
2 7 3.7047e-04
2 31 3.1860e-04
2 32 3.6827e-03
2 35 1.4376e-02
3 31 2.5104e-03
3 32 3.7428e-03
3 35 8.6252e-03
4 31 3.8480e-03
4 32 8.7598e-03
4 35 5.4937e-03
5 29 1.0159e-04
5 31 9.2539e-03
5 32 3.3809e-01
5 35 1.5167e-03
6 29 1.8568e-04
6 31 7.3530e-01
6 32 4.0308e-03
6 35 7.8663e-04
7 30 8.9851e-01
7 33 3.8554e-04
7 34 6.5654e-04
8 28 2.0823e-05
8 29 9.7513e-01
8 31 1.3089e-04
8 32 1.8061e-04
9 28 9.9208e-01
9 32 1.1534e-04
10 26 5.0038e-05
10 27 9.8938e-01
10 31 4.4440e-05
11 26 9.8528e-01
12 23 1.5683e-04
12 25 9.8735e-01
13 22 2.1371e-04
13 24 9.9163e-01
14 20 8.0501e-05
14 21 2.0197e-04
14 23 9.8033e-01
14 25 1.1544e-03
15 22 9.6737e-01
15 24 2.3004e-03
16 20 2.1541e-03
16 21 7.4849e-01
16 23 3.2678e-03
17 22 4.0538e-03
29 34 9.1822e-05
30 35 2.1567e-04

