ID_REF	GSM5501341	GSM5501342	GSM5501343	GSM5501344	GSM5501345	GSM5501346	GSM5501347	GSM5501348	GSM5501349	GSM5501350	GSM5501351	GSM5501352	GSM5501353	GSM5501354	GSM5501355	GSM5501356	GSM5501357	GSM5501358	GSM5501359	GSM5501360	GSM5501361	GSM5501362	GSM5501363	GSM5501364
A01	4.0	10.02	7.99	7.03	5.99	6.99	3.97	9.03	6.98	5.0	4.99	4.98	8.03	8.0	9.98	8.02	7.03	6.98	0.02	9.0	6.98	8.0	9.0	9.0
A02	4.99	9.0	6.98	6.01	6.97	7.98	5.95	7.98	7.96	5.21	5.03	5.97	7.99	7.99	9.97	6.97	5.97	7.98	6.98	7.98	8.97	6.96	9.99	9.98
A03	7.01	9.98	10.99	6.01	9.98	8.99	7.96	9.99	10.97	6.98	5.32	7.97	9.07	11.01	10.97	7.98	7.99	10.98	7.98	9.08	9.97	7.97	10.99	11.99
A04	7.0	7.94	11.1	7.98	8.99	10.99	7.95	8.98	11.98	9.07	8.15	11.0	9.11	10.98	13.04	9.17	8.14	9.98	10.98	11.07	10.97	9.98	12.15	13.0
A05	12.0	10.21	11.22	7.05	13.0	12.99	11.97	7.21	11.99	7.07	7.98	12.99	11.07	11.08	12.99	9.17	8.15	14.0	9.07	9.1	8.17	7.98	8.07	14.01
A06	4.0	7.0	5.01	3.0	5.0	5.0	2.97	6.0	4.99	4.01	3.01	2.99	4.0	4.01	7.99	3.0	3.02	6.0	6.98	4.0	5.98	2.98	6.0	8.0
A07	6.01	5.0	4.99	4.0	5.99	5.0	4.97	5.0	4.99	3.99	3.99	3.98	3.99	5.0	5.99	3.99	3.99	7.0	0.08	4.99	5.97	4.98	6.01	7.0
A08	4.99	10.15	8.98	7.25	6.99	7.98	5.95	9.99	7.98	5.24	5.25	5.96	9.05	11.0	7.97	9.2	8.21	6.97	0.08	9.0	6.97	8.24	10.98	8.98
A09	5.98	9.98	7.98	5.98	5.98	6.98	5.94	8.98	7.96	8.98	6.98	5.97	6.98	6.99	8.98	5.97	5.98	7.97	6.98	9.04	7.96	4.97	8.98	8.99
A10	12.98	11.98	13.48	10.21	14.18	11.98	12.96	10.23	13.17	9.21	10.98	14.0	12.98	11.11	12.99	9.13	11.0	14.97	9.21	9.98	13.16	8.98	12.02	15.07
A11	4.98	6.97	7.98	5.99	6.98	4.98	3.94	5.98	5.97	5.06	5.02	3.96	5.98	5.98	7.96	2.97	4.97	4.97	4.98	6.98	6.96	5.95	7.98	6.98
A12	4.98	0.98	5.99	1.99	5.99	3.98	3.95	0.98	4.97	3.97	-0.03	4.97	5.0	1.98	5.97	-2.02	1.97	3.98	0.18	0.98	4.97	1.97	2.98	4.98
B01	7.02	6.0	7.02	5.01	8.01	7.02	5.97	5.01	7.01	5.0	3.0	5.99	5.01	6.02	9.99	2.01	4.01	8.02	5.98	6.02	8.01	3.99	7.0	10.02
B02	8.0	10.08	10.99	9.98	8.0	9.99	7.98	10.14	9.99	8.07	8.03	8.98	9.16	11.01	10.99	9.08	8.17	9.0	7.98	9.17	9.99	8.15	11.99	11.01
B03	8.01	9.01	7.0	7.04	9.01	10.01	7.98	8.0	10.01	7.98	9.98	9.0	8.01	9.0	10.99	7.02	7.0	10.0	8.07	8.0	8.99	6.99	9.0	11.03
B04	6.0	10.79	5.99	7.01	8.02	9.01	6.99	10.0	7.98	5.09	5.23	5.99	6.99	5.99	9.0	7.02	6.0	8.02	0.17	7.0	9.01	5.97	10.01	11.0
B05	5.99	9.99	8.0	5.99	7.98	7.98	6.95	7.99	8.99	5.09	5.05	5.98	6.99	7.99	10.98	6.98	5.99	8.98	6.98	8.98	8.97	5.97	8.98	9.99
B06	6.02	9.01	8.02	5.0	7.01	8.02	5.97	10.06	8.0	6.48	5.0	5.99	6.0	7.01	10.0	8.01	7.0	8.0	0.04	8.0	9.01	6.0	9.01	10.01
B07	10.99	10.2	8.98	11.98	14.01	10.98	11.94	10.98	12.95	11.08	12.98	11.95	11.98	10.98	13.1	10.98	8.98	12.98	7.98	6.98	7.98	5.98	6.98	15.02
B08	5.98	7.98	8.98	6.99	6.98	6.99	4.95	8.99	6.97	5.98	5.99	5.96	7.99	7.98	8.97	7.97	5.98	7.97	6.98	8.01	7.96	5.97	8.98	9.98
B09	11.97	10.98	11.18	10.98	10.98	11.3	10.94	11.98	13.06	10.23	10.21	11.0	10.98	9.98	10.96	11.07	10.07	10.96	9.98	9.98	10.96	7.98	7.98	12.97
B10	2.01	3.99	3.0	3.0	3.02	3.0	1.97	3.0	2.99	3.99	2.01	1.99	3.02	4.0	5.99	2.0	1.99	2.99	5.98	3.99	2.98	1.99	4.0	5.02
B11	12.99	11.94	12.89	10.23	11.98	14.13	12.94	12.96	13.09	10.98	12.07	13.97	10.98	7.98	9.98	8.98	6.98	14.97	10.98	7.98	5.98	4.98	4.96	5.96
B12	8.99	10.16	10.98	7.03	11.0	10.99	8.95	7.07	11.97	7.89	8.89	9.97	9.07	11.14	13.0	9.01	7.98	10.98	9.07	9.01	10.97	11.07	11.98	11.99
C01	5.99	8.99	8.99	7.03	7.99	8.99	6.95	7.99	7.98	6.98	7.98	6.98	9.0	10.99	6.98	8.98	8.02	7.99	7.98	9.03	7.98	5.98	8.99	9.0
C02	15.11	13.98	11.21	10.21	13.21	14.15	11.98	11.21	10.98	12.98	10.21	14.17	9.98	12.14	13.17	9.07	8.16	15.15	9.21	9.21	13.14	10.21	8.98	9.21
C03	6.0	9.98	8.98	5.99	6.99	7.0	5.96	8.99	6.98	7.07	4.99	5.99	6.98	8.0	9.0	7.98	6.98	7.99	8.07	7.98	7.97	6.99	7.99	10.0
C04	5.99	7.48	11.04	7.18	6.99	9.98	5.96	6.98	8.97	6.98	7.07	6.97	8.98	11.14	8.98	9.17	6.98	6.98	6.98	9.16	7.97	7.98	12.06	8.99
C05	6.98	3.98	6.98	1.99	5.98	4.99	5.96	4.98	5.97	-0.03	-0.02	6.98	0.99	4.99	7.97	2.97	5.99	7.98	0.02	4.98	6.96	2.96	5.99	7.99
C06	4.99	8.99	7.98	5.99	7.0	6.99	4.96	7.99	6.97	5.98	5.04	5.98	5.99	7.99	7.99	7.0	6.98	6.98	5.98	7.98	6.97	7.97	7.99	8.99
C07	5.97	9.98	7.98	7.09	6.97	7.98	5.95	10.0	7.96	6.98	6.98	6.98	5.98	8.97	10.98	6.98	6.97	7.97	5.98	7.98	7.96	5.96	8.98	10.98
C08	6.99	8.0	6.99	6.99	7.99	7.99	6.97	7.99	7.99	5.01	5.17	6.99	7.0	6.99	8.98	4.99	6.0	7.99	6.98	7.0	7.98	5.99	8.0	10.0
C09	4.99	7.99	5.99	6.0	4.99	4.99	3.96	6.0	4.98	5.98	5.16	4.0	6.0	6.0	5.99	3.99	4.98	6.0	5.07	6.0	5.97	5.97	5.99	7.0
C10	6.0	6.99	5.0	4.01	7.0	7.01	5.98	7.01	6.99	4.0	2.99	4.99	5.01	6.0	8.99	4.01	3.0	7.99	4.98	5.0	8.01	4.0	7.0	9.0
C11	15.22	10.21	11.2	12.23	14.23	14.12	12.98	10.22	12.23	11.21	5.18	14.22	10.07	10.96	10.21	9.09	10.98	15.15	9.98	11.0	13.04	11.07	12.2	9.96
C12	2.99	3.98	5.98	3.99	3.98	3.99	3.95	4.98	3.97	1.97	4.97	3.97	4.98	3.98	4.97	3.98	4.97	3.97	4.98	5.98	4.98	3.96	5.98	5.98
D01	3.0	9.0	7.0	7.98	5.0	5.99	4.99	8.0	5.99	5.05	6.98	4.99	8.01	8.0	8.99	8.01	7.01	6.0	5.98	9.04	5.0	8.0	8.01	8.01
D02	6.99	7.98	6.99	5.0	7.99	6.98	5.95	7.98	7.97	3.98	5.0	5.97	6.99	4.99	9.97	4.98	3.98	7.99	9.98	6.98	8.99	3.98	10.0	9.98
D03	5.98	8.98	7.99	5.99	7.99	6.98	5.96	7.98	6.97	6.98	4.98	5.97	6.99	7.99	9.97	4.99	5.98	6.97	6.98	7.98	7.97	5.96	8.98	8.99
D04	14.99	8.98	7.98	7.09	14.0	14.0	14.97	10.07	10.21	9.98	11.98	10.21	11.0	11.08	11.21	7.0	6.98	13.0	7.98	5.98	4.98	8.04	12.06	5.98
D05	6.98	8.99	11.28	6.99	9.98	8.99	6.95	10.0	7.97	5.23	5.11	9.98	9.14	5.98	10.97	5.98	7.98	9.98	6.98	9.13	11.97	7.97	11.98	8.99
D06	3.99	10.0	5.99	7.07	4.99	5.98	3.95	7.98	5.97	5.2	3.99	3.98	7.99	7.99	8.99	6.98	6.98	5.98	0.22	8.0	6.97	7.97	8.99	7.99
D07	10.01	7.98	11.15	7.14	12.01	13.01	11.0	12.0	13.01	10.07	12.98	12.01	7.98	9.07	13.08	9.13	11.07	13.02	9.07	6.98	12.01	9.15	12.12	14.02
D08	12.0	11.21	12.98	12.98	14.0	14.0	11.97	11.98	12.98	12.98	11.98	12.99	11.21	10.98	9.98	8.98	8.98	10.98	10.21	8.98	7.98	10.15	7.98	15.06
D09	8.0	8.99	9.98	11.2	10.99	11.98	8.95	9.89	13.0	10.98	11.0	9.98	8.98	11.16	13.08	6.89	8.15	11.98	7.98	6.98	11.98	7.08	12.19	14.0
D10	9.99	10.21	8.98	7.98	11.99	12.01	9.97	11.07	11.98	11.08	10.98	9.98	10.98	11.05	11.98	9.07	11.07	13.0	8.98	7.98	9.96	10.96	11.99	12.99
D11	3.99	7.98	5.99	5.01	4.99	4.99	3.96	6.99	4.97	3.98	4.98	3.99	5.0	5.99	8.0	7.01	3.99	5.98	6.98	6.02	5.97	5.0	7.0	8.0
D12	7.99	12.0	11.11	8.98	12.0	11.0	7.96	9.98	10.98	11.0	8.98	9.98	9.07	8.07	12.98	9.01	8.16	11.0	11.0	8.98	10.98	8.07	12.17	12.99
E01	11.01	10.0	11.0	7.01	10.0	11.01	9.97	10.08	10.99	9.98	10.98	12.0	8.01	10.0	11.0	8.01	8.98	13.0	7.98	9.0	11.99	7.99	12.01	14.03
E02	5.99	7.98	9.99	4.99	6.98	7.98	6.97	9.98	7.97	2.98	4.98	6.97	5.99	7.99	8.97	7.97	5.98	8.98	6.98	6.98	7.97	4.97	8.98	9.98
E03	5.99	8.99	9.0	7.01	6.99	6.99	5.97	10.0	6.98	7.98	6.98	5.99	9.18	6.99	8.99	7.98	7.99	7.99	9.07	7.98	7.98	8.2	10.01	10.0
E04	3.99	5.99	4.0	1.99	5.0	4.99	3.97	6.01	4.98	3.99	3.01	3.98	2.99	3.99	6.98	4.0	2.99	7.0	0.05	3.99	5.97	2.98	4.99	8.0
E05	4.98	3.98	4.98	3.98	3.98	3.99	3.95	4.98	4.98	1.98	2.98	3.97	3.99	3.98	4.97	3.97	2.99	4.97	4.98	3.98	4.97	1.97	4.99	5.98
E06	7.01	5.99	5.0	2.99	5.99	4.99	5.98	5.01	4.99	3.99	2.98	5.99	3.0	4.99	5.99	1.98	3.0	5.99	3.98	3.99	5.98	2.99	5.0	6.99
E07	4.99	6.46	7.98	7.98	5.97	6.98	4.96	7.98	5.97	6.98	5.98	6.98	6.98	8.99	10.97	6.98	6.98	7.98	5.98	9.06	7.97	5.96	10.98	10.99
E08	8.98	5.99	9.0	4.99	7.99	7.99	7.96	5.99	7.98	4.98	3.98	7.97	7.99	7.0	7.98	5.98	6.01	8.98	3.98	6.99	8.99	5.97	6.98	8.98
E09	5.98	13.2	6.99	5.0	6.98	6.98	5.95	8.98	6.98	4.97	5.0	5.98	7.0	5.98	7.98	6.98	5.98	7.98	4.98	7.98	7.97	6.97	7.98	8.98
E10	15.01	10.21	11.17	11.98	14.13	14.09	13.99	10.21	13.14	11.98	13.0	14.0	11.07	11.21	13.16	9.16	9.07	15.03	10.98	9.18	13.14	8.17	12.16	15.16
E11	7.98	9.98	10.98	6.98	9.98	8.98	7.95	9.0	8.97	5.06	5.15	6.98	7.99	7.98	8.98	6.98	6.98	9.98	6.98	7.0	9.97	5.96	8.0	10.0
E12	10.0	11.98	11.1	7.03	12.0	13.0	10.98	10.98	11.99	10.98	12.98	11.99	9.98	11.1	9.98	10.98	8.11	11.99	7.98	6.98	13.07	9.96	10.98	14.01
F01	15.1	13.2	10.21	10.98	11.21	11.98	14.96	13.07	9.98	8.98	11.98	14.11	8.98	9.96	7.98	8.89	7.98	15.11	9.98	5.98	6.98	5.98	4.96	7.96
F02	2.99	5.99	4.99	3.99	3.99	4.0	2.97	5.0	3.98	3.99	2.99	4.0	5.02	5.0	5.99	1.98	3.0	3.99	4.98	3.99	4.99	3.98	5.0	7.0
F03	7.99	5.99	8.99	5.01	8.0	10.0	8.97	9.01	7.99	7.98	5.11	11.98	7.01	4.0	8.99	0.99	8.01	10.98	3.98	7.0	9.99	5.99	11.01	11.0
F04	3.99	5.98	5.0	4.0	3.98	4.99	3.96	6.99	4.97	4.99	5.0	3.98	3.99	4.98	7.98	4.99	3.98	5.98	5.98	4.98	5.97	3.97	5.99	6.99
F05	12.99	10.14	11.2	12.3	12.99	13.0	12.95	10.15	11.98	10.21	10.98	11.98	10.07	9.99	9.97	9.0	8.25	13.98	0.18	9.1	13.01	7.07	11.99	11.99
F06	4.99	2.99	3.98	-0.05	5.99	4.98	5.98	3.98	4.98	-2.03	-3.02	4.97	2.0	1.99	6.97	0.98	0.97	6.99	-4.04	1.98	6.99	-0.03	4.98	6.98
F07	4.99	8.99	7.0	3.98	5.98	4.98	3.95	6.99	4.97	4.98	4.99	3.97	5.99	4.98	7.99	4.99	3.98	6.99	5.98	6.99	6.97	5.96	6.99	7.99
F08	5.97	9.98	8.98	7.01	7.98	7.98	7.95	8.99	6.98	4.0	5.2	7.97	5.99	7.99	9.98	5.98	7.0	7.98	4.98	6.99	7.97	5.96	7.99	9.98
F09	4.98	7.98	6.97	5.98	6.97	7.99	4.95	6.99	6.97	5.09	4.97	5.97	7.98	7.98	9.96	5.97	6.97	7.97	6.98	7.99	7.96	6.96	7.98	7.98
F10	4.98	7.98	5.98	3.99	6.98	5.98	5.97	5.99	5.99	4.98	2.97	4.97	5.01	5.99	8.97	4.98	3.98	7.99	5.98	4.98	7.97	3.97	7.99	9.98
F11	8.97	9.99	11.07	7.1	10.97	9.97	7.94	9.98	10.96	5.09	6.98	8.96	9.0	7.97	10.96	7.96	5.98	10.96	0.06	9.0	11.96	6.96	11.97	11.97
F12	7.01	10.03	10.01	7.03	10.01	9.01	6.98	9.0	8.99	7.07	5.17	7.99	8.98	9.0	9.99	6.0	8.0	9.0	8.98	9.01	10.0	6.99	10.01	10.0
G01	8.99	9.98	10.0	7.17	9.98	9.98	9.96	10.02	9.98	5.03	5.98	9.99	8.99	9.99	9.97	7.98	8.98	11.99	7.98	7.99	10.98	6.98	9.99	11.99
G02	11.99	10.23	11.23	10.21	12.99	14.13	10.95	10.98	13.04	11.98	12.98	13.97	12.98	11.98	13.04	10.98	11.07	13.0	8.98	7.98	9.98	8.32	6.07	14.98
G03	4.01	6.0	6.0	5.0	5.01	5.0	3.97	6.01	4.99	5.0	5.02	2.99	5.0	5.99	4.99	6.0	4.99	6.01	5.98	6.01	5.0	4.98	4.99	7.01
G04	11.98	12.98	10.98	10.98	14.08	14.07	13.05	11.21	10.21	10.98	11.07	10.98	12.98	11.96	13.07	11.98	10.98	12.99	10.98	8.98	7.98	10.07	11.07	15.18
G05	9.99	9.01	10.99	8.98	9.98	12.0	10.96	9.99	10.96	9.98	10.98	10.97	9.09	9.98	10.98	7.98	8.11	11.99	10.98	9.02	10.97	8.05	11.98	11.98
G06	0.0	2.98	3.0	0.97	0.98	0.99	-0.04	3.0	0.97	1.98	1.98	0.98	2.0	1.99	3.98	2.0	0.98	1.99	0.03	2.99	2.99	1.98	2.99	2.99
G07	6.98	8.98	7.97	4.98	7.98	7.98	6.95	7.98	8.96	4.97	6.98	5.97	6.99	5.98	7.98	7.97	5.98	9.98	6.98	6.98	7.97	5.97	7.99	9.98
G08	15.06	10.21	11.23	12.45	14.15	14.16	15.04	7.98	13.16	5.16	5.98	14.14	9.07	7.98	13.18	9.26	11.21	15.14	0.24	9.15	13.14	8.09	7.07	15.17
G09	7.99	6.98	8.98	7.25	10.98	12.97	9.95	10.13	12.97	5.22	7.07	10.97	6.98	11.23	11.98	11.07	10.98	10.97	0.2	9.21	10.96	9.07	12.21	13.99
G10	10.98	10.06	10.98	11.23	11.97	11.99	10.95	10.98	12.98	11.21	11.21	10.97	10.98	11.03	11.97	9.98	8.98	10.98	7.98	9.22	12.97	6.96	10.98	13.99
G11	6.99	7.99	6.99	5.99	8.99	7.99	6.97	7.99	7.98	4.98	4.98	6.99	6.99	7.99	8.98	5.98	5.99	8.98	6.98	7.98	8.98	6.98	8.99	9.98
G12	5.98	7.97	5.98	3.99	5.98	5.97	4.96	7.98	5.96	4.97	4.97	4.97	4.98	5.98	8.96	4.97	4.96	6.97	5.98	5.97	7.96	4.96	7.98	8.97
H01	-1.01	5.98	6.0	4.99	0.99	1.99	-0.02	5.99	1.98	2.98	4.99	1.0	3.99	3.99	3.98	5.0	3.98	2.0	1.87	4.99	2.98	4.99	4.99	2.99
H02	2.78	3.54	4.63	4.32	0.0	3.67	4.43	4.65	4.78	4.56	3.45	2.34	5.54	4.44	4.54	4.56	4.67	3.45	1.56	4.45	3.54	2.45	3.45	3.75
H03	3.99	9.98	8.99	7.05	3.99	6.99	4.96	9.01	6.99	5.05	5.12	5.97	9.04	7.99	5.98	7.98	8.01	4.97	3.65	9.17	5.96	8.02	8.99	5.96
H04	7.99	8.98	7.99	7.09	8.0	8.98	7.95	7.99	8.97	5.24	4.32	7.98	8.01	7.99	7.98	6.98	7.98	8.98	4.45	8.0	8.98	6.99	8.99	9.99
H05	0.99	-1.02	1.98	0.0	-0.02	0.99	0.95	-0.02	-0.02	-2.02	-0.03	0.97	-0.01	-1.0	-0.02	-0.01	-0.02	0.98	0.13	-0.01	-0.02	-1.03	-0.01	0.99
